{
 "cells": [
  {
   "cell_type": "code",
   "execution_count": 2,
   "metadata": {},
   "outputs": [],
   "source": [
    "import pandas as pd\n",
    "import matplotlib.pyplot as plt\n",
    "%matplotlib inline\n",
    "import numpy as np\n",
    "import seaborn as sns\n",
    "from scipy import stats"
   ]
  },
  {
   "cell_type": "code",
   "execution_count": 3,
   "metadata": {},
   "outputs": [],
   "source": [
    "runs =[\n",
    "    \"run-no-ambig\", \"run-with-ambig-orig\", \"run-general-ambig\",\n",
    "    \"run-no-ambig-0.05-expand\", \"run-with-ambig-0.05-expand-orig\", \"run-general-ambig-0.05-expand\",\n",
    "    \"run-no-ambig-0.2-expand\", \"run-with-ambig-0.2-expand\", \"run-general-ambig-0.2-expand\",\"run-water-refine\",\n",
    "    \"run-with-ambig\", \"run-with-ambig-0.05-expand\",\n",
    "    \"run-cg-with-lig\", \"run-cg-water\"\n",
    "]   \n",
    "succes_list = ['3J95', '3J96', '5GRS', '5HNY', '5WCB', '6ACG', '6AHF', '6IRF', '6N1Q', '6N7G', '6N8Z', '6R7I', '6UBY', '6UC0']\n",
    "\n",
    "tick_label_dict ={\n",
    "    \"run-no-ambig\" : \"1\",\n",
    "    \"run-with-ambig-orig\" : \"2\",\n",
    "    \"run-general-ambig\" : \"3\",\n",
    "    \"run-no-ambig-0.05-expand\" : \"4\",\n",
    "    \"run-with-ambig-0.05-expand-orig\" : \"5\",\n",
    "    \"run-general-ambig-0.05-expand\" : \"6\",\n",
    "    \"run-no-ambig-0.2-expand\" : \"7\",\n",
    "    \"run-with-ambig-0.2-expand\" : \"8\",\n",
    "    \"run-general-ambig-0.2-expand\" : \"9\",\n",
    "    \"run-cg\" : \"coarse grained\",\n",
    "    \"run-cg2\" : \"coarse grained 2\",\n",
    "    \"run-cg-with-lig\" : \"13\",\n",
    "    \"run-water-refine\" : \"10\",\n",
    "    'run-no-ambig-0.05-expand-EM' : \"it1 no restraints 0.05 expand EM\",\n",
    "    'run-with-ambig-0.05-expand-EM' : \"it1 with restraints 0.05 expand EM\",\n",
    "    'run-general-ambig-0.05-expand-EM' : \"it1 general restraints 0.05 expand EM\",\n",
    "    \"run-cg-water\" : \"14\",\n",
    "    \"run-general-ambig-EM\" : \"it1 gr + EM\",\n",
    "    \"run-with-ambig\" : \"11\",\n",
    "    \"run-with-ambig-0.05-expand\" : \"12\"\n",
    "}\n",
    "\n",
    "def make_tick_labels(runs):\n",
    "    tick_labels = []\n",
    "    for run in runs:\n",
    "        tick_labels.append(tick_label_dict[run])\n",
    "    return tick_labels"
   ]
  },
  {
   "cell_type": "code",
   "execution_count": 11,
   "metadata": {},
   "outputs": [],
   "source": [
    "def get_ref_secondary():\n",
    "    \"\"\"returns a DataFrame containing all the reference structure values\"\"\"\n",
    "    ref_df = pd.read_csv(\"analysis/refrence-stride.csv\", index_col = 0)\n",
    "  \n",
    "    return ref_df\n",
    "\n",
    "def make_secondary_df(run):\n",
    "    run = \"analysis_{}\".format(run)\n",
    "    \n",
    "    df_3J95 = pd.read_csv((\"analysis/{}/3J95_stride.csv\").format(run), index_col = \"structure\")\n",
    "    df_3J96 = pd.read_csv((\"analysis/{}/3J96_stride.csv\").format(run), index_col = \"structure\")\n",
    "    df_5GRS = pd.read_csv((\"analysis/{}/5GRS_stride.csv\").format(run), index_col = \"structure\")\n",
    "    df_5HNY = pd.read_csv((\"analysis/{}/5HNY_stride.csv\").format(run), index_col = \"structure\")\n",
    "    df_5WCB = pd.read_csv((\"analysis/{}/5WCB_stride.csv\").format(run), index_col = \"structure\")\n",
    "    df_6ACG = pd.read_csv((\"analysis/{}/6ACG_stride.csv\").format(run), index_col = \"structure\")\n",
    "    df_6AHF = pd.read_csv((\"analysis/{}/6AHF_stride.csv\").format(run), index_col = \"structure\")\n",
    "    df_6IRF = pd.read_csv((\"analysis/{}/6IRF_stride.csv\").format(run), index_col = \"structure\")\n",
    "    df_6N1Q = pd.read_csv((\"analysis/{}/6N1Q_stride.csv\").format(run), index_col = \"structure\")\n",
    "    df_6N7G = pd.read_csv((\"analysis/{}/6N7G_stride.csv\").format(run), index_col = \"structure\")\n",
    "    df_6N8Z = pd.read_csv((\"analysis/{}/6N8Z_stride.csv\").format(run), index_col = \"structure\")\n",
    "    df_6R7I = pd.read_csv((\"analysis/{}/6R7I_stride.csv\").format(run), index_col = \"structure\")\n",
    "    df_6UBY = pd.read_csv((\"analysis/{}/6UBY_stride.csv\").format(run), index_col = \"structure\")\n",
    "    df_6UC0 = pd.read_csv((\"analysis/{}/6UC0_stride.csv\").format(run), index_col = \"structure\")\n",
    "    \n",
    "    df_list = [\n",
    "        df_3J95,\n",
    "        df_3J96,\n",
    "        df_5GRS,\n",
    "        df_5HNY,\n",
    "        df_5WCB,\n",
    "        df_6ACG,\n",
    "        df_6AHF,\n",
    "        df_6IRF,\n",
    "        df_6N1Q,\n",
    "        df_6N7G,\n",
    "        df_6N8Z,\n",
    "        df_6R7I,\n",
    "        df_6UBY,\n",
    "        df_6UC0,\n",
    "    ]\n",
    "    \n",
    "    return df_list"
   ]
  },
  {
   "cell_type": "code",
   "execution_count": 88,
   "metadata": {},
   "outputs": [],
   "source": [
    "ref_df = get_ref_secondary()\n",
    "stride_df = make_secondary_df(runs[0])\n"
   ]
  },
  {
   "cell_type": "code",
   "execution_count": 94,
   "metadata": {},
   "outputs": [
    {
     "name": "stdout",
     "output_type": "stream",
     "text": [
      "                 Helix     Sheet      Turn      Coil  All\n",
      "structure                                                \n",
      "3J95_39w.pdb -0.215392 -0.949546  0.795457  0.369482  0.0\n",
      "3J95_2w.pdb  -0.124853 -1.075116  0.672306  0.527663  0.0\n",
      "3J95_36w.pdb -0.280659 -0.633595  0.421614  0.492641  0.0\n",
      "3J95_10w.pdb -0.338843 -0.621853  0.030104  0.930592  0.0\n",
      "                 Helix     Sheet      Turn      Coil  All\n",
      "structure                                                \n",
      "3J96_10w.pdb -0.724642 -0.853350  1.122981  0.455011  0.0\n",
      "3J96_41w.pdb -0.684946 -0.432509  0.515346  0.602109  0.0\n",
      "3J96_29w.pdb -0.600948 -1.261595  1.708524  0.154018  0.0\n",
      "3J96_30w.pdb -0.612432 -0.374608  0.519769  0.467271  0.0\n",
      "                 Helix     Sheet      Turn      Coil  All\n",
      "structure                                                \n",
      "5GRS_46w.pdb  4.038884 -2.069202  1.595834 -3.565515  0.0\n",
      "5GRS_26w.pdb  3.541071 -1.961140  1.798046 -3.377977  0.0\n",
      "5GRS_45w.pdb  3.908957 -2.736882  2.710204 -3.882279  0.0\n",
      "5GRS_42w.pdb  3.139715 -2.194953  2.462816 -3.407577  0.0\n",
      "                 Helix     Sheet      Turn      Coil  All\n",
      "structure                                                \n",
      "5HNY_41w.pdb  0.298157 -0.310143  0.260708 -0.248722  0.0\n",
      "5HNY_8w.pdb   1.208627 -0.006652 -0.649763 -0.552212  0.0\n",
      "5HNY_50w.pdb  1.193614 -0.111459 -0.595231 -0.486924  0.0\n",
      "5HNY_28w.pdb  0.772889 -0.718150  0.290211 -0.344949  0.0\n",
      "                 Helix     Sheet      Turn      Coil  All\n",
      "structure                                                \n",
      "5WCB_36w.pdb  0.689677 -2.258856  2.459047 -0.889867  0.0\n",
      "5WCB_40w.pdb  0.872264 -1.462471  1.727946 -1.137739  0.0\n",
      "5WCB_17w.pdb  1.076002 -1.720732  1.063822 -0.419093  0.0\n",
      "5WCB_9w.pdb   1.335771 -1.691597  1.733339 -1.377513  0.0\n",
      "                 Helix     Sheet      Turn      Coil  All\n",
      "structure                                                \n",
      "6ACG_49w.pdb  2.010028  1.044737 -1.914728 -1.140037  0.0\n",
      "6ACG_20w.pdb  2.306222  0.497573 -1.282093 -1.521703  0.0\n",
      "6ACG_2w.pdb   2.562562  0.643586 -1.716085 -1.490063  0.0\n",
      "6ACG_13w.pdb  2.470731  1.062711 -2.445997 -1.087445  0.0\n",
      "                 Helix     Sheet      Turn      Coil  All\n",
      "structure                                                \n",
      "6AHF_34w.pdb  1.208208 -1.918385  2.352281 -1.642104  0.0\n",
      "6AHF_47w.pdb  0.878158 -1.846389  2.350483 -1.382251  0.0\n",
      "6AHF_33w.pdb  0.723810 -1.754572  1.956215 -0.925453  0.0\n",
      "6AHF_25w.pdb  1.152076 -1.560000  1.617422 -1.209497  0.0\n",
      "                 Helix     Sheet      Turn      Coil  All\n",
      "structure                                                \n",
      "6IRF_4w.pdb  -0.245558  0.161876 -0.489195  0.572877  0.0\n",
      "6IRF_5w.pdb  -0.453139 -0.963220  0.909683  0.506676  0.0\n",
      "6IRF_27w.pdb -0.347139 -0.496042  0.569520  0.273660  0.0\n",
      "6IRF_36w.pdb -0.448875 -0.386683  0.182688  0.652870  0.0\n",
      "                 Helix     Sheet      Turn      Coil  All\n",
      "structure                                                \n",
      "6N1Q_27w.pdb -0.154696 -0.871119  2.354556 -1.328742  0.0\n",
      "6N1Q_19w.pdb  0.364335 -0.196346  1.548686 -1.716675  0.0\n",
      "6N1Q_49w.pdb -0.154696 -0.847803  2.564396 -1.561896  0.0\n",
      "6N1Q_33w.pdb -0.649099 -1.048775  2.953263 -1.255389  0.0\n",
      "                 Helix     Sheet      Turn      Coil  All\n",
      "structure                                                \n",
      "6N7G_23w.pdb  0.473932  2.087858 -1.272725 -1.289064  0.0\n",
      "6N7G_35w.pdb  0.354765  2.189310 -2.155896 -0.388178  0.0\n",
      "6N7G_30w.pdb  0.398433  2.005712 -1.899257 -0.504888  0.0\n",
      "6N7G_50w.pdb -0.155465  2.575128 -2.029174 -0.390489  0.0\n",
      "                 Helix     Sheet      Turn      Coil  All\n",
      "structure                                                \n",
      "6N8Z_35w.pdb  0.273133 -2.607890  2.085014  0.249743  0.0\n",
      "6N8Z_14w.pdb  0.205044 -3.136902  3.060766 -0.128908  0.0\n",
      "6N8Z_29w.pdb -0.014857 -3.078393  3.090950  0.002300  0.0\n",
      "6N8Z_19w.pdb  0.031097 -3.546294  3.364664  0.150533  0.0\n",
      "                 Helix     Sheet      Turn      Coil  All\n",
      "structure                                                \n",
      "6R7I_33w.pdb  0.892329 -5.238664  4.721891 -0.375556  0.0\n",
      "6R7I_39w.pdb  1.154503 -4.689846  4.150842 -0.615499  0.0\n",
      "6R7I_44w.pdb  1.065135 -5.740558  5.504638 -0.829215  0.0\n",
      "6R7I_8w.pdb   1.602183 -6.101199  5.028368 -0.529352  0.0\n",
      "                 Helix     Sheet      Turn      Coil  All\n",
      "structure                                                \n",
      "6UBY_42w.pdb -1.024533 -1.688178  3.603713 -0.891002  0.0\n",
      "6UBY_38w.pdb -0.713890 -1.652860  3.473125 -1.106375  0.0\n",
      "6UBY_9w.pdb  -0.998076 -2.024611  3.463203 -0.440516  0.0\n",
      "6UBY_33w.pdb -0.939179 -1.938885  3.420156 -0.542092  0.0\n",
      "                 Helix     Sheet      Turn      Coil  All\n",
      "structure                                                \n",
      "6UC0_28w.pdb -0.679970 -6.388768  9.165108 -2.096370  0.0\n",
      "6UC0_6w.pdb  -0.524513 -5.566896  7.732884 -1.641475  0.0\n",
      "6UC0_25w.pdb -0.061641 -7.388557  9.691781 -2.241583  0.0\n",
      "6UC0_1w.pdb  -0.735150 -6.745700  9.257768 -1.776919  0.0\n"
     ]
    }
   ],
   "source": [
    "ref = ref_df.div(ref_df[\"All\"], axis = 0)\n",
    "for df in stride_df:\n",
    "    struct = \"{}.pdb\".format(df.index[1][0:4])\n",
    "    df = df.iloc[:,1:6]\n",
    "    df = df.div(df['All'], axis = 0)\n",
    "    print(df.sub(ref.loc[struct]).mul(100))"
   ]
  }
 ],
 "metadata": {
  "kernelspec": {
   "display_name": "Python 3",
   "language": "python",
   "name": "python3"
  },
  "language_info": {
   "codemirror_mode": {
    "name": "ipython",
    "version": 3
   },
   "file_extension": ".py",
   "mimetype": "text/x-python",
   "name": "python",
   "nbconvert_exporter": "python",
   "pygments_lexer": "ipython3",
   "version": "3.7.6"
  }
 },
 "nbformat": 4,
 "nbformat_minor": 4
}
